w1 = np.array([[-0.46956994,  2.26921563, -1.0184646 ,  0.21489195],
       [-0.52317708,  0.03694337,  1.3423277 , -1.96872643],
       [-1.41648321,  1.86341723,  0.21159887,  0.0459593 ],
       [-0.58246555, -0.17307035,  0.56217408,  0.79986028],
       [-0.1283881 ,  1.45721906,  1.05508871, -0.8407169 ],
       [-0.94049448,  0.55455047,  1.23291364, -0.73637324],
       [-1.41848275, -0.64076522, -0.76288065, -0.03672234],
       [-0.71511055, -0.08331446,  0.75379262, -2.41887644],
       [ 0.83398705, -2.25101938,  0.17480722, -0.87623094]])

w2 = np.array([[ 1.52154393, -0.86906161,  0.05589988],
       [-1.71552678,  0.75682747,  0.67799295],
       [-1.17118144,  0.98709428,  0.24171411],
       [ 0.53820456,  1.14004971, -1.52995519]])

b1 = np.array([ 0.02510814, -0.39779278, -0.35477711, -0.7813937 ])

b2 = np.array([ 2.54789301,  0.10962884, -0.04147693])

